1 0.26171875 0.490625 0.07109375 0.3125
1 0.3171875 0.49609375 0.0609375 0.29765625
1 0.371875 0.5 0.06015625 0.303125
1 0.50859375 0.4953125 0.06015625 0.30078125
1 0.76953125 0.50390625 0.0640625 0.2984375
1 0.90859375 0.49765625 0.1015625 0.33046875
0 0.125 0.48359375 0.08125 0.33671875
0 0.2015625 0.49140625 0.06875 0.3203125
0 0.44296875 0.4875 0.06796875 0.32734375
0 0.5671875 0.4921875 0.0640625 0.31015625
0 0.6359375 0.490625 0.07265625 0.3140625
1 0.7046875 0.49375 0.0640625 0.30546875
0 0.8296875 0.484375 0.071875 0.34609375