1 0.25546875 0.5125 0.071875 0.31796875
1 0.3125 0.50703125 0.0625 0.303125
1 0.3671875 0.503125 0.06171875 0.3078125
1 0.50625 0.5078125 0.0609375 0.30546875
1 0.77109375 0.49921875 0.06484375 0.30390625
1 0.9125 0.50625 0.103125 0.33671875
0 0.11640625 0.51953125 0.08203125 0.3421875
0 0.19453125 0.5125 0.06953125 0.32578125
0 0.4390625 0.515625 0.06875 0.3328125
0 0.565625 0.5109375 0.06484375 0.315625
0 0.6359375 0.5125 0.0734375 0.31953125
1 0.70546875 0.509375 0.06484375 0.3109375
0 0.8328125 0.51875 0.0734375 0.35234375