1 0.240625 0.50625 0.0734375 0.325
1 0.2984375 0.50078125 0.06328125 0.309375
1 0.3546875 0.496875 0.0625 0.31484375
1 0.496875 0.5015625 0.0625 0.3125
1 0.76796875 0.4921875 0.06640625 0.31015625
1 0.9125 0.49921875 0.10546875 0.34375
0 0.0984375 0.5140625 0.084375 0.35
0 0.178125 0.50625 0.07109375 0.3328125
0 0.428125 0.509375 0.0703125 0.33984375
0 0.5578125 0.5046875 0.06640625 0.321875
0 0.62890625 0.50625 0.075 0.3265625
1 0.70078125 0.503125 0.06640625 0.31796875
0 0.83046875 0.5125 0.075 0.359375