1 0.8515625 0.83203125 0.24765625 0.33515625
1 0.6109375 0.825 0.22109375 0.3109375
1 0.3828125 0.8328125 0.16484375 0.3265625
1 0.14375 0.83828125 0.2875 0.3234375
1 0.89921875 0.4703125 0.16015625 0.30234375
1 0.76015625 0.4875 0.1234375 0.32265625
1 0.55234375 0.49765625 0.21328125 0.33671875
1 0.37265625 0.48828125 0.1578125 0.33515625
1 0.25 0.47890625 0.19140625 0.3046875
1 0.0859375 0.5015625 0.17109375 0.3421875
1 0.15 0.16484375 0.14296875 0.3296875
1 0.3203125 0.165625 0.146875 0.33046875
1 0.44765625 0.16015625 0.1265625 0.3203125
1 0.59296875 0.16328125 0.11875 0.32578125
1 0.71953125 0.1640625 0.1390625 0.328125
1 0.85546875 0.16484375 0.13125 0.32890625