1 0.85078125 0.834375 0.2484375 0.33125
1 0.61015625 0.82890625 0.22109375 0.3109375
1 0.38203125 0.8359375 0.16484375 0.3265625
1 0.14375 0.83984375 0.2875 0.3203125
1 0.8984375 0.47421875 0.16015625 0.30234375
1 0.75859375 0.49140625 0.1234375 0.32265625
1 0.5515625 0.5015625 0.21328125 0.33671875
1 0.37109375 0.4921875 0.1578125 0.33515625
1 0.24921875 0.4828125 0.19140625 0.3046875
1 0.08515625 0.50546875 0.1703125 0.3421875
1 0.14921875 0.1671875 0.14296875 0.33359375
1 0.31953125 0.1671875 0.146875 0.334375
1 0.4453125 0.16171875 0.12734375 0.321875
1 0.5921875 0.16484375 0.11875 0.3296875
1 0.7171875 0.165625 0.13828125 0.33046875
1 0.8546875 0.16640625 0.13125 0.3328125