1 0.159375 0.171875 0.2421875 0.33203125
1 0.39453125 0.18046875 0.21640625 0.3046875
1 0.61796875 0.1734375 0.16171875 0.31953125
1 0.85546875 0.165625 0.2890625 0.3234375
1 0.1125 0.528125 0.15703125 0.29609375
1 0.24921875 0.51171875 0.12109375 0.315625
1 0.4515625 0.50078125 0.20859375 0.3296875
1 0.628125 0.51015625 0.1546875 0.328125
1 0.74765625 0.51953125 0.1875 0.2984375
1 0.9125 0.49765625 0.17421875 0.33515625
1 0.8453125 0.8328125 0.140625 0.334375
1 0.6796875 0.8328125 0.14375 0.334375
1 0.55546875 0.834375 0.12421875 0.31484375
1 0.4125 0.83515625 0.115625 0.3296875
1 0.2890625 0.834375 0.13515625 0.33125
1 0.1546875 0.8328125 0.128125 0.334375