1 0.7359375 0.76953125 0.1484375 0.46015625
1 0.90390625 0.76796875 0.1921875 0.4609375
1 0.54765625 0.77265625 0.10859375 0.4546875
1 0.44375 0.76796875 0.12890625 0.4640625
1 0.29296875 0.7671875 0.15 0.46484375
0 0.340625 0.5125 0.04453125 0.053125
0 0.44609375 0.5125 0.0609375 0.04609375
0 0.50703125 0.51640625 0.0546875 0.05625
0 0.59921875 0.509375 0.0609375 0.06171875
0 0.709375 0.49765625 0.07109375 0.06015625
0 0.83515625 0.49765625 0.0640625 0.06875
0 0.9890625 0.53671875 0.021875 0.040625