1 0.65 0.60546875 0.39375 0.78828125
0 0.36640625 0.2765625 0.02578125 0.0515625
0 0.34765625 0.2796875 0.01171875 0.0421875
0 0.4171875 0.2796875 0.02734375 0.05390625
0 0.38203125 0.2640625 0.01875 0.01640625
0 0.32265625 0.284375 0.0296875 0.0296875
0 0.29765625 0.27578125 0.01875 0.04296875
0 0.27890625 0.2828125 0.03203125 0.0328125
0 0.10546875 0.428125 0.02578125 0.03203125
0 0.24375 0.44296875 0.03515625 0.04296875
0 0.07578125 0.415625 0.021875 0.02890625
0 0.03984375 0.5578125 0.02578125 0.03515625
1 0.08515625 0.57109375 0.0171875 0.0453125
1 0.10078125 0.57265625 0.01328125 0.04140625
0 0.021875 0.540625 0.0140625 0.0421875
0 0.0328125 0.5265625 0.0078125 0.009375
0 0.04375 0.53203125 0.01015625 0.01171875
0 0.00703125 0.5484375 0.01328125 0.05390625
1 0.01015625 0.3859375 0.0140625 0.028125
0 0.1796875 0.27109375 0.03046875 0.0296875
0 0.06875 0.26640625 0.0171875 0.0234375
0 0.0578125 0.26640625 0.00546875 0.01875
0 0.05234375 0.2671875 0.00625 0.025
0 0.0453125 0.265625 0.00546875 0.0265625
0 0.03984375 0.26328125 0.00546875 0.025
0 0.2140625 0.0890625 0.02890625 0.02109375
0 0.028125 0.59609375 0.0171875 0.01796875
1 0.05390625 0.59375 0.0203125 0.01484375
0 0.01328125 0.59375 0.0109375 0.0234375