1 0.29765625 0.75390625 0.13984375 0.46015625
1 0.12578125 0.75546875 0.20703125 0.46640625
1 0.47421875 0.74921875 0.1015625 0.4390625
1 0.57109375 0.759375 0.1203125 0.48125
1 0.7140625 0.7421875 0.14140625 0.4453125
0 0.66875 0.4984375 0.04140625 0.05
0 0.56953125 0.4984375 0.05703125 0.04375
0 0.5125 0.5015625 0.05078125 0.053125
0 0.425 0.49453125 0.05703125 0.0578125
0 0.321875 0.484375 0.0671875 0.05703125
0 0.20390625 0.484375 0.06015625 0.06484375
0 0.05078125 0.52109375 0.0375 0.03828125