1 0.3375 0.60546875 0.41015625 0.78828125
0 0.63125 0.2796875 0.0265625 0.053125
0 0.65078125 0.2828125 0.0125 0.04375
0 0.57890625 0.2828125 0.028125 0.05546875
0 0.61484375 0.26640625 0.01953125 0.0171875
0 0.67734375 0.28828125 0.03125 0.03125
0 0.70234375 0.27890625 0.01953125 0.04453125
0 0.721875 0.2859375 0.0328125 0.03359375
0 0.90234375 0.43671875 0.02734375 0.0328125
0 0.75859375 0.45234375 0.03671875 0.04453125
0 0.9328125 0.4234375 0.02265625 0.0296875
0 0.9703125 0.57109375 0.0265625 0.0359375
1 0.9234375 0.58515625 0.01796875 0.04765625
1 0.90703125 0.58671875 0.01328125 0.04296875
0 0.98984375 0.553125 0.0140625 0.04453125
0 0.97734375 0.5390625 0.0078125 0.01015625
0 0.96640625 0.54453125 0.0109375 0.0125
1 0.99765625 0.39140625 0.0046875 0.0296875
0 0.825 0.27421875 0.03125 0.03046875
0 0.940625 0.26875 0.01796875 0.025
0 0.9515625 0.26875 0.00546875 0.01953125
0 0.9578125 0.26953125 0.00625 0.0265625
0 0.96484375 0.26796875 0.00546875 0.02734375
0 0.97109375 0.26640625 0.00546875 0.02578125
0 0.7890625 0.08515625 0.03046875 0.021875
0 0.9828125 0.6109375 0.01796875 0.01875
1 0.95625 0.60859375 0.02109375 0.015625
0 0.996875 0.6078125 0.00625 0.02421875