1 0.05390625 0.26328125 0.1078125 0.4625
1 0.21484375 0.35859375 0.209375 0.38828125
1 0.33203125 0.53359375 0.08984375 0.2546875
1 0.41953125 0.6 0.128125 0.23203125
1 0.86328125 0.25859375 0.2734375 0.5171875
0 0.79609375 0.83515625 0.14609375 0.221875
0 0.63359375 0.80234375 0.1296875 0.19765625
0 0.53984375 0.75078125 0.14375 0.2953125
0 0.90390625 0.5859375 0.128125 0.24765625
0 0.6796875 0.3234375 0.16328125 0.47578125
0 0.74453125 0.62890625 0.10546875 0.17421875
0 0.66484375 0.64765625 0.059375 0.13671875