1 0.91953125 0.72265625 0.1609375 0.4265625
1 0.73984375 0.634375 0.19296875 0.3578125
1 0.6328125 0.4734375 0.0828125 0.234375
1 0.5515625 0.41171875 0.11796875 0.2140625
1 0.1375 0.74453125 0.2640625 0.5109375
0 0.20390625 0.19609375 0.134375 0.20390625
0 0.35390625 0.22578125 0.11953125 0.18203125
0 0.440625 0.27265625 0.1328125 0.271875
0 0.1046875 0.425 0.11796875 0.228125
0 0.31171875 0.66640625 0.15 0.43828125
0 0.2515625 0.38515625 0.09765625 0.16015625
0 0.325 0.36796875 0.0546875 0.12578125