1 0.6875 0.2546875 0.15390625 0.5046875
1 0.87578125 0.2546875 0.228125 0.509375
1 0.4921875 0.26015625 0.1109375 0.48125
1 0.38515625 0.25625 0.1328125 0.51171875
1 0.22890625 0.26796875 0.15546875 0.4890625
0 0.27890625 0.5359375 0.04609375 0.0546875
0 0.38828125 0.5359375 0.06328125 0.04765625
0 0.45078125 0.53203125 0.05625 0.05859375
0 0.54609375 0.5390625 0.06328125 0.06328125
0 0.6609375 0.55078125 0.0734375 0.0625
0 0.78984375 0.55078125 0.06640625 0.07109375
0 0.9578125 0.51015625 0.04140625 0.04140625