1 0.3484375 0.60703125 0.415625 0.7859375
0 0.646875 0.284375 0.02734375 0.05390625
0 0.66640625 0.2875 0.0125 0.04453125
0 0.59296875 0.2875 0.028125 0.05703125
0 0.6296875 0.27109375 0.01953125 0.0171875
0 0.69296875 0.29296875 0.03125 0.03203125
0 0.71875 0.2828125 0.0203125 0.0453125
0 0.73828125 0.290625 0.03359375 0.034375
0 0.921875 0.44375 0.02734375 0.03359375
0 0.77578125 0.459375 0.0375 0.0453125
0 0.953125 0.43046875 0.0234375 0.03046875
0 0.9890625 0.58046875 0.021875 0.03671875
1 0.94375 0.5953125 0.01796875 0.0484375
1 0.9265625 0.59609375 0.01328125 0.04375
0 0.996875 0.54765625 0.00546875 0.01015625
0 0.98671875 0.553125 0.0109375 0.0125
0 0.84375 0.278125 0.03203125 0.03125
0 0.96015625 0.2734375 0.01796875 0.025
0 0.971875 0.2734375 0.00546875 0.01953125
0 0.978125 0.27421875 0.00625 0.0265625
0 0.9859375 0.27265625 0.00625 0.02734375
0 0.99140625 0.2703125 0.00546875 0.0265625
0 0.80703125 0.0859375 0.03046875 0.02265625
0 0.99765625 0.6203125 0.0046875 0.01875
1 0.9765625 0.61796875 0.02109375 0.015625